[1]    0.04    1.00   20.00    5.00    0.50    4.10    0.00 6000.00   50.00
[1] 11898.23
[1]    0.04    1.00   20.00    5.00    0.50    4.10    0.00 6000.00   50.00
[1] 11898.23
[1]    0.04    1.00   20.00    5.00    0.50    4.10    0.00 6000.00   50.00
[1] 11898.23
[1]    0.04    1.00   20.00    5.00    0.50    4.10    0.00 6000.00   50.00
[1] 11898.23
[1]    0.04    1.00   20.00    5.00    0.50    4.10    0.00 6000.00   50.00
[1] 11898.23
[1]    0.04    1.00   20.00    5.00    0.50    4.10    0.00 6000.00   50.00
[1] 11898.23
[1]    0.04    1.00   20.00    5.00    0.50    4.10    0.00 6000.00   50.00
[1] 11898.23
[1]    0.04    1.00   20.00    5.00    0.50    4.10    0.00 6000.00   50.00
[1] 11898.23
[1]    0.04    1.00   20.00    5.00    0.50    4.10    0.00 6000.00   50.00
[1] 11898.23
[1]    0.04    1.00   20.00    5.00    0.50    4.10    0.00 6000.00   50.00
[1] 11898.23
[1]    0.04    1.00   20.00    5.00    0.50    4.10    0.00 6000.00   50.00
[1] 11898.23
It.    0, RSS = 3.78385e+10, Par. =       0.04          1         20          5        0.5        4.1          0       6000         50
[1]   0.03911839   1.01175267  20.05642209   4.76470134   0.50000000   4.10000000
[7]   0.00000000 588.54231250 106.76262346
[1] 357.1109
[1]   0.03911839   1.01175267  20.05642209   4.76470134   0.50000000   4.10000000
[7]   0.00000000 588.54231250 106.76262346
[1] 357.1109
[1]   0.03911839   1.01175269  20.05642209   4.76470134   0.50000000   4.10000000
[7]   0.00000000 588.54231250 106.76262346
[1] 357.1109
[1]   0.03911839   1.01175267  20.05642238   4.76470134   0.50000000   4.10000000
[7]   0.00000000 588.54231250 106.76262346
[1] 357.1109
[1]   0.03911839   1.01175267  20.05642209   4.76470141   0.50000000   4.10000000
[7]   0.00000000 588.54231250 106.76262346
[1] 357.1109
[1]   0.03911839   1.01175267  20.05642209   4.76470134   0.50000000   4.10000000
[7]   0.00000000 588.54231250 106.76262346
[1] 357.1109
[1]   0.03911839   1.01175267  20.05642209   4.76470134   0.50000000   4.10000000
[7]   0.00000000 588.54231250 106.76262346
[1] 357.1109
[1]   0.03911839   1.01175267  20.05642209   4.76470134   0.50000000   4.10000000
[7]   0.00000000 588.54231250 106.76262346
[1] 357.1109
[1]   0.03911839   1.01175267  20.05642209   4.76470134   0.50000000   4.10000000
[7]   0.00000000 588.54232127 106.76262346
[1] 357.1109
[1]   0.03911839   1.01175267  20.05642209   4.76470134   0.50000000   4.10000000
[7]   0.00000000 588.54231250 106.76262505
[1] 357.1109
It.    1, RSS = 3.34816e+07, Par. =  0.0391184    1.01175    20.0564     4.7647        0.5        4.1          0    588.542    106.763
[1]   0.04087898   1.10766268  16.04139556   5.79274113   0.50000000   4.10000000
[7]   0.00000000 474.67471733 122.18049554
[1] 46.46303
[1]   0.04087898   1.10766268  16.04139556   5.79274113   0.50000000   4.10000000
[7]   0.00000000 474.67471733 122.18049554
[1] 46.46303
[1]   0.04087898   1.10766269  16.04139556   5.79274113   0.50000000   4.10000000
[7]   0.00000000 474.67471733 122.18049554
[1] 46.46302
[1]   0.04087898   1.10766268  16.04139580   5.79274113   0.50000000   4.10000000
[7]   0.00000000 474.67471733 122.18049554
[1] 46.46303
[1]   0.04087898   1.10766268  16.04139556   5.79274121   0.50000000   4.10000000
[7]   0.00000000 474.67471733 122.18049554
[1] 46.46303
[1]   0.04087898   1.10766268  16.04139556   5.79274113   0.50000000   4.10000000
[7]   0.00000000 474.67471733 122.18049554
[1] 46.46303
[1]   0.04087898   1.10766268  16.04139556   5.79274113   0.50000000   4.10000000
[7]   0.00000000 474.67471733 122.18049554
[1] 46.46303
[1]   0.04087898   1.10766268  16.04139556   5.79274113   0.50000000   4.10000000
[7]   0.00000000 474.67471733 122.18049554
[1] 46.46303
[1]   0.04087898   1.10766268  16.04139556   5.79274113   0.50000000   4.10000000
[7]   0.00000000 474.67472441 122.18049554
[1] 46.46304
[1]   0.04087898   1.10766268  16.04139556   5.79274113   0.50000000   4.10000000
[7]   0.00000000 474.67471733 122.18049736
[1] 46.46302
It.    2, RSS =     827588, Par. =   0.040879    1.10766    16.0414    5.79274        0.5        4.1          0    474.675     122.18
[1]   0.03808913   1.26174884   7.16993805   5.77923016   0.50000000   4.10000000
[7]   0.00000000 639.71732508 191.93503271
[1] 27.42552
[1]   0.03808913   1.26174884   7.16993805   5.77923016   0.50000000   4.10000000
[7]   0.00000000 639.71732508 191.93503271
[1] 27.42552
[1]   0.03808913   1.26174886   7.16993805   5.77923016   0.50000000   4.10000000
[7]   0.00000000 639.71732508 191.93503271
[1] 27.42552
[1]   0.03808913   1.26174884   7.16993816   5.77923016   0.50000000   4.10000000
[7]   0.00000000 639.71732508 191.93503271
[1] 27.42552
[1]   0.03808913   1.26174884   7.16993805   5.77923024   0.50000000   4.10000000
[7]   0.00000000 639.71732508 191.93503271
[1] 27.42552
[1]   0.03808913   1.26174884   7.16993805   5.77923016   0.50000000   4.10000000
[7]   0.00000000 639.71732508 191.93503271
[1] 27.42552
[1]   0.03808913   1.26174884   7.16993805   5.77923016   0.50000000   4.10000000
[7]   0.00000000 639.71732508 191.93503271
[1] 27.42552
[1]   0.03808913   1.26174884   7.16993805   5.77923016   0.50000000   4.10000000
[7]   0.00000000 639.71732508 191.93503271
[1] 27.42552
[1]   0.03808913   1.26174884   7.16993805   5.77923016   0.50000000   4.10000000
[7]   0.00000000 639.71733461 191.93503271
[1] 27.42552
[1]   0.03808913   1.26174884   7.16993805   5.77923016   0.50000000   4.10000000
[7]   0.00000000 639.71732508 191.93503557
[1] 27.42552
It.    3, RSS =     426126, Par. =  0.0380891    1.26175    7.16994    5.77923        0.5        4.1          0    639.717    191.935
[1] 4.190160e-02 1.243701e+00 2.190077e+01 1.000000e-10 5.000000e-01 4.100000e+00
[7] 0.000000e+00 7.266686e+02 2.459330e+02
[1] 99.54986
[1]   0.04042714   1.25581794   6.70370889   4.67368532   0.50000000   4.10000000
[7]   0.00000000 729.22150886 246.28846511
[1] 23.56263
[1]   0.04042714   1.25581794   6.70370889   4.67368532   0.50000000   4.10000000
[7]   0.00000000 729.22150886 246.28846511
[1] 23.56263
[1]   0.04042714   1.25581796   6.70370889   4.67368532   0.50000000   4.10000000
[7]   0.00000000 729.22150886 246.28846511
[1] 23.56263
[1]   0.04042714   1.25581794   6.70370899   4.67368532   0.50000000   4.10000000
[7]   0.00000000 729.22150886 246.28846511
[1] 23.56263
[1]   0.04042714   1.25581794   6.70370889   4.67368539   0.50000000   4.10000000
[7]   0.00000000 729.22150886 246.28846511
[1] 23.56263
[1]   0.04042714   1.25581794   6.70370889   4.67368532   0.50000000   4.10000000
[7]   0.00000000 729.22150886 246.28846511
[1] 23.56263
[1]   0.04042714   1.25581794   6.70370889   4.67368532   0.50000000   4.10000000
[7]   0.00000000 729.22150886 246.28846511
[1] 23.56263
[1]   0.04042714   1.25581794   6.70370889   4.67368532   0.50000000   4.10000000
[7]   0.00000000 729.22150886 246.28846511
[1] 23.56263
[1]   0.04042714   1.25581794   6.70370889   4.67368532   0.50000000   4.10000000
[7]   0.00000000 729.22151973 246.28846511
[1] 23.56263
[1]   0.04042714   1.25581794   6.70370889   4.67368532   0.50000000   4.10000000
[7]   0.00000000 729.22150886 246.28846878
[1] 23.56263
It.    4, RSS =     365856, Par. =  0.0404271    1.25582    6.70371    4.67369        0.5        4.1          0    729.222    246.288
It.    5, RSS = 8.60662e-312, Par. =  0.0404271    1.25582    6.70371    4.67369        0.5        4.1          0    729.222    246.288
[1] 48.74105